let data = [{
    facesPerVertex:0,
    edgesPerFace:0,
    symmetries:[
    {
    mapping:[0],
    matrices:[[
    1.0,0.0,0.0,
    0.0,1.0,0.0,
    0.0,0.0,1.0
    ]]},{
    mapping:[1, 3, 2],
    matrices:[[
    1.0,0.0,0.0,
    0.0,1.0,0.0,
    0.0,0.0,1.0
    ],[
    -0.4591740428961358,0.49020831020572664,0.7408474950593166,
    0.49020831020572664,-0.5556718677454234,0.6715091868333292,
    0.7408474950593167,0.6715091868333293,0.014845910641558935
    ]]},{
    mapping:[2, 1, 3],
    matrices:[[
    1.0,0.0,0.0,
    0.0,1.0,0.0,
    0.0,0.0,1.0
    ],[
    -0.9421918231444549,0.24754064467021075,-0.22582780527646662,
    0.2475406446702104,0.059994867453860845,-0.9670182237762903,
    -0.22582780527646704,-0.96701822377629,-0.11780304430940658
    ]]},{
    mapping:[3, 2, 1],
    matrices:[[
    1.0,0.0,0.0,
    0.0,1.0,0.0,
    0.0,0.0,1.0
    ],[
    0.40762286021891225,-0.8121147400435738,-0.41750838653961414,
    -0.812114740043574,-0.5314580562484816,0.24087752791106262,
    -0.41750838653961436,0.24087752791106246,-0.8761648039704311
    ]]}]},{
    facesPerVertex:2,
    edgesPerFace:3,
    symmetries:[
    {
    mapping:[-1, -2, -3],
    matrices:[[
    1.0,0.0,0.0,
    0.0,1.0,0.0,
    0.0,0.0,1.0
    ],[
    0.982367505842552,0.1460466691081196,0.11672383607091003,
    0.14604666910811948,-0.20967739260902207,-0.9668018211976575,
    0.11672383607091041,-0.9668018211976572,0.22730988676647104
    ]]},{
    mapping:[1, 3, 2],
    matrices:[[
    1.0,0.0,0.0,
    0.0,1.0,0.0,
    0.0,0.0,1.0
    ],[
    -0.4591740428961358,0.49020831020572664,0.7408474950593166,
    0.49020831020572664,-0.5556718677454234,0.6715091868333292,
    0.7408474950593167,0.6715091868333293,0.014845910641558935
    ]]},{
    mapping:[2, 1, 3],
    matrices:[[
    1.0,0.0,0.0,
    0.0,1.0,0.0,
    0.0,0.0,1.0
    ],[
    -0.9421918231444549,0.24754064467021075,-0.22582780527646662,
    0.2475406446702104,0.059994867453860845,-0.9670182237762903,
    -0.22582780527646704,-0.96701822377629,-0.11780304430940658
    ]]},{
    mapping:[3, 2, 1],
    matrices:[[
    1.0,0.0,0.0,
    0.0,1.0,0.0,
    0.0,0.0,1.0
    ],[
    0.40762286021891225,-0.8121147400435738,-0.41750838653961414,
    -0.812114740043574,-0.5314580562484816,0.24087752791106262,
    -0.41750838653961436,0.24087752791106246,-0.8761648039704311
    ]]}]},{
    facesPerVertex:3,
    edgesPerFace:3,
    symmetries:[
    {
    mapping:[-3, 2, -1],
    matrices:[[
    1.0,0.0,0.0,
    0.0,1.0,0.0,
    0.0,0.0,1.0
    ],[
    -0.46827984314122506,-0.7173566676995478,0.5158618030195983,
    0.740629611448351,-2.8915931289169583E-4,0.6719134579934805,
    0.4818524329641748,-0.6967060554451159,-0.5314309975458835
    ],[
    -0.0634403137175524,-0.023272943748802524,-0.9977142359837726,
    -0.023272943748802566,-0.9994216813742165,0.024792597451634518,
    -0.9977142359837727,0.02479259745163437,0.06286199509176912
    ],[
    -0.4682798431412242,0.740629611448351,0.4818524329641761,
    -0.7173566676995489,-2.8915931289136276E-4,-0.6967060554451147,
    0.5158618030195974,0.6719134579934808,-0.5314309975458842
    ]]},{
    mapping:[-2, -1, 3],
    matrices:[[
    1.0,0.0,0.0,
    0.0,1.0,0.0,
    0.0,0.0,1.0
    ],[
    -0.18720245042599404,-0.3289164685271223,-0.9256182794684584,
    -0.4494853786679869,-0.8091633340508664,0.3784410035809831,
    0.8734518515168419,-0.4868969660609231,-0.0036342155231388895
    ],[
    -0.18720245042599382,-0.4494853786679871,0.8734518515168419,
    -0.32891646852712186,-0.8091633340508672,-0.48689696606092336,
    -0.9256182794684589,0.3784410035809826,-0.0036342155231389034
    ],[
    -0.6255950991480113,0.7784018471951104,0.05216642795161658,
    0.7784018471951104,0.6183266681017332,0.10845596247993994,
    0.05216642795161658,0.10845596247993984,-0.9927315689537228
    ]]},{
    mapping:[1, -3, -2],
    matrices:[[
    1.0,0.0,0.0,
    0.0,1.0,0.0,
    0.0,0.0,1.0
    ],[
    -0.4966102976308883,0.019039521734105787,0.8677647774017438,
    0.019039521734105766,-0.9992798752414735,0.03282114485392721,
    0.8677647774017438,0.03282114485392727,0.49589017287236137
    ],[
    -0.2516948511845559,0.8553184242497825,-0.4528576984286061,
    -0.8743579459838884,-3.600623792636426E-4,0.485281415932982,
    -0.41490707897313694,-0.5181025607869093,-0.7479450864361814
    ],[
    -0.25169485118455576,-0.8743579459838879,-0.4149070789731381,
    0.8553184242497828,-3.600623792631985E-4,-0.5181025607869095,
    -0.4528576984286061,0.4852814159329826,-0.747945086436181
    ]]},{
    mapping:[1, 2, 3],
    matrices:[[
    1.0,0.0,0.0,
    0.0,1.0,0.0,
    0.0,0.0,1.0
    ],[
    -0.6673765090768266,0.39240277428755704,-0.6329523345907315,
    0.3924027742875571,-0.5370743754711651,-0.7467068889086848,
    -0.6329523345907313,-0.7467068889086849,0.20445088454799137
    ],[
    -0.5725279711839779,0.5770768159919063,0.5824037007579904,
    0.5770768159919066,-0.22096036908491606,0.7862307954656202,
    0.58240370075799,0.7862307954656205,-0.20651165973110672
    ],[
    0.23990448026080333,-0.9694795902794646,0.05054863383274151,
    -0.9694795902794646,-0.24196525544391997,-0.039523906556934885,
    0.05054863383274155,-0.039523906556934885,-0.9979392248168841
    ]]}]},{
    facesPerVertex:4,
    edgesPerFace:3,
    symmetries:[
    {
    mapping:[-1, -2, -3],
    matrices:[[
    1.0,0.0,0.0,
    0.0,1.0,0.0,
    0.0,0.0,1.0
    ],[
    0.9933173649008724,0.019144415507514834,0.11381609702174611,
    0.01914441550751428,0.9451550713621653,-0.3260603969102306,
    0.11381609702174605,-0.3260603969102307,-0.9384724362630372
    ],[
    0.30612790005763973,-0.9446301002576307,0.11815110026385384,
    -0.9446301002576305,-0.2860093760606107,0.16084965182641744,
    0.11815110026385417,0.16084965182641706,0.9798814760029713
    ],[
    0.2994452649585115,-0.9254856847501158,0.2319671972856,
    -0.9254856847501162,-0.3408543046984457,-0.16521074508381312,
    0.23196719728559995,-0.16521074508381317,-0.9585909602600661
    ],[
    -0.3061279000576394,0.9446301002576303,-0.11815110026385378,
    0.9446301002576302,0.2860093760606104,-0.1608496518264173,
    -0.11815110026385406,-0.16084965182641714,-0.979881476002971
    ],[
    -0.2994452649585111,0.9254856847501156,-0.2319671972855996,
    0.9254856847501158,0.3408543046984456,0.16521074508381334,
    -0.23196719728560017,0.16521074508381312,0.9585909602600655
    ],[
    -0.9933173649008722,-0.01914441550751456,-0.11381609702174558,
    -0.019144415507514514,-0.945155071362165,0.32606039691023003,
    -0.11381609702174555,0.3260603969102299,0.938472436263037
    ],[
    -1.0000000000000009,6.38378239159465E-16,-2.7755575615628914E-16,
    -7.216449660063518E-16,-1.0000000000000009,3.0531133177191805E-16,
    2.220446049250313E-16,-2.220446049250313E-16,-1.000000000000001
    ]]},{
    mapping:[-1, -2, 3],
    matrices:[[
    1.0,0.0,0.0,
    0.0,1.0,0.0,
    0.0,0.0,1.0
    ],[
    -0.8630279693916973,-0.35908562127104854,-0.3553030265055865,
    -0.35908562127104854,-0.058621801611821026,0.9314617549702028,
    -0.3553030265055864,0.9314617549702027,-0.07835022899648186
    ],[
    0.5052028659926535,-0.617546578771744,-0.6028318897007054,
    -0.6175465787717441,0.2292522515964623,-0.7523826341598179,
    -0.6028318897007052,-0.7523826341598181,0.2655448824108844
    ],[
    -6.41117817009873E-5,-0.7067242419086928,-0.7074891107206271,
    0.7179626096970944,-0.4925027319336973,0.4919052247280806,
    0.6960816668801284,0.5079191913448723,-0.5074331562846024
    ],[
    0.8628997458282954,0.37032398905944997,0.3438955826650876,
    0.37032398905945,-0.9263836622555729,0.06836266110275,
    0.34389558266508746,0.06836266110275022,-0.9365160835727228
    ],[
    -0.9998717764365977,-0.011238367788401801,0.011407443840499014,
    -0.011238367788401793,-0.014994536132606096,-0.9998244160729525,
    0.011407443840498967,-0.9998244160729522,0.014866312569204176
    ],[
    -6.411178170062648E-5,0.7179626096970946,0.6960816668801278,
    -0.7067242419086928,-0.4925027319336967,0.5079191913448725,
    -0.7074891107206269,0.4919052247280804,-0.5074331562846022
    ],[
    -0.5050746424292516,0.6063082109833424,0.6142393335412041,
    0.6063082109833423,0.7557532122709318,-0.2474417819131347,
    0.6142393335412042,-0.24744178191313465,0.7493214301583203
    ]]},{
    mapping:[-1, 2, -3],
    matrices:[[
    1.0,0.0,0.0,
    0.0,1.0,0.0,
    0.0,0.0,1.0
    ],[
    0.91952357752767,0.015474369376662134,0.3927301035865615,
    0.015474369376662207,0.9970245184831912,-0.07551591511566907,
    0.39273010358656146,-0.07551591511566919,-0.9165480960108605
    ],[
    -0.8941391027822427,-0.07110263634746763,-0.4421082220228504,
    -0.43744337901564123,-0.0723095122830898,0.8963339916508579,
    0.09570033976504135,-0.9948445856201973,-0.03355138493466692
    ],[
    -0.7913667426767782,-0.457204911811537,-0.40583536957804983,
    -0.4572049118115369,0.0019319741566802828,0.8893592840305116,
    -0.40583536957804967,0.8893592840305118,-0.21056523147990275
    ],[
    0.8687546280368158,0.49307164598644715,-0.04632222132875258,
    0.49307164598644715,-0.8524054939170098,0.1740265090850085,
    -0.046322221328752036,0.17402650908500872,0.9836508658801942
    ],[
    -0.8941391027822433,-0.43744337901564145,0.09570033976504208,
    -0.07110263634746834,-0.07230951228308968,-0.9948445856201977,
    -0.4421082220228507,0.8963339916508586,-0.03355138493466653
    ],[
    -0.9969114628877082,-0.051341103551572564,0.059427487320240766,
    -0.0513411035515723,-0.14655099872286084,-0.9878698779998506,
    0.059427487320240995,-0.9878698779998505,0.14346246161056847
    ],[
    0.7882782055644852,0.5085460153631094,0.34640788225780905,
    0.5085460153631093,-0.8553809754338197,0.09851059396933931,
    0.34640788225780905,0.09851059396933931,-0.9328972301306659
    ]]},{
    mapping:[-1, 3, 2],
    matrices:[[
    1.0,0.0,0.0,
    0.0,1.0,0.0,
    0.0,0.0,1.0
    ],[
    0.6225954849401716,0.7802138948636435,-0.0603418626976007,
    -0.12278543407113081,0.17355256804566527,0.9771403396159217,
    0.7728509554319491,-0.600954061793793,0.20385194701416315
    ],[
    0.6225954849401715,-0.12278543407113093,0.7728509554319496,
    0.780213894863644,0.17355256804566557,-0.6009540617937932,
    -0.060341862697600834,0.977140339615922,0.2038519470141633
    ],[
    0.24519096988034297,0.6574284607925128,0.7125090927343488,
    0.6574284607925128,-0.6528948639086697,0.37618627782212855,
    0.7125090927343487,0.3761862778221287,-0.5922961059716737
    ],[
    -1.0,2.220446049250313E-16,8.326672684688674E-17,
    -2.220446049250313E-16,-1.0000000000000002,1.1796119636642288E-16,
    -2.220446049250313E-16,-9.020562075079397E-17,-0.9999999999999999
    ],[
    -0.6225954849401715,-0.7802138948636436,0.06034186269760089,
    0.12278543407113113,-0.17355256804566568,-0.9771403396159217,
    -0.7728509554319491,0.600954061793793,-0.20385194701416354
    ],[
    -0.6225954849401718,0.12278543407113097,-0.7728509554319497,
    -0.780213894863644,-0.17355256804566557,0.6009540617937932,
    0.06034186269760093,-0.9771403396159224,-0.20385194701416354
    ],[
    -0.24519096988034284,-0.6574284607925129,-0.7125090927343496,
    -0.6574284607925129,0.6528948639086701,-0.37618627782212916,
    -0.7125090927343495,-0.3761862778221292,0.5922961059716736
    ]]},{
    mapping:[1, -2, -3],
    matrices:[[
    1.0,0.0,0.0,
    0.0,1.0,0.0,
    0.0,0.0,1.0
    ],[
    0.17752970477712485,0.20609346194344494,0.962293452573545,
    0.20609346194344497,0.9483573871268821,-0.2411301541202167,
    0.9622934525735447,-0.24113015412021682,-0.12588709190400654
    ],[
    -0.24460330362395163,0.8518301513186438,0.4632004071249351,
    0.8518301513186437,-0.039425761091334194,0.5223322722815678,
    0.4632004071249351,0.5223322722815676,-0.7159709352847146
    ],[
    0.5778669915989241,0.6457366893751986,-0.4990930454486094,
    0.6457366893751987,0.01221685178178375,0.7634624264017846,
    -0.49909304544860933,0.7634624264017845,0.40991615661929237
    ],[
    -0.3776983481880243,-0.04906692008781996,-0.9246277062305318,
    -0.802763231230824,-0.4802871194543332,0.3534055425005478,
    0.461427299105596,-0.8757378147821159,-0.14201453235764283
    ],[
    -0.9669282354501642,0.09858148502995126,-0.23522644047496455,
    0.0985814850299515,-0.7061448240517703,-0.7011712902523778,
    -0.23522644047496444,-0.7011712902523778,0.673073059501934
    ],[
    0.2115315390741154,-0.9504116363485952,-0.22797396664997066,
    -0.9504116363485952,-0.2544294148568957,0.1788390179708101,
    -0.22797396664997088,0.1788390179708098,-0.95710212421722
    ],[
    -0.37769834818802406,-0.8027632312308237,0.4614272991055963,
    -0.04906692008781999,-0.4802871194543331,-0.8757378147821157,
    -0.9246277062305314,0.3534055425005477,-0.1420145323576428
    ]]},{
    mapping:[1, 3, 2],
    matrices:[[
    1.0,0.0,0.0,
    0.0,1.0,0.0,
    0.0,0.0,1.0
    ],[
    -0.8874352901927017,0.07753476766215614,-0.4543643532718771,
    0.07753476766215629,-0.9465939173412699,-0.3129669558533049,
    -0.45436435327187696,-0.3129669558533049,0.8340292075339716
    ],[
    -0.8910472728992195,-0.32575875033958956,0.3160949130183103,
    -0.3257587503395896,-0.026010947622708266,-0.9450950572196207,
    0.3160949130183104,-0.9450950572196207,-0.08294177947807237
    ],[
    0.6218669054531455,0.14034684562385397,0.7704442321320628,
    0.7164905628138668,0.29514769883247377,-0.6320831506001127,
    -0.31610571855124364,0.945087614349765,0.08298539571438143
    ],[
    0.24373381090629037,0.8568374084377205,0.4543385135808189,
    0.8568374084377205,-0.409704602335053,0.31300446374965246,
    0.454338513580819,0.3130044637496524,-0.8340292085712374
    ],[
    -0.3562985207135888,-0.934372176099877,2.5839691057932823E-5,
    -0.9343721760998768,0.3562985196763228,-3.7507896347085956E-5,
    2.5839691057849556E-5,-3.750789634700269E-5,-0.9999999989627343
    ],[
    0.6218669054531456,0.7164905628138668,-0.31610571855124353,
    0.1403468456238536,0.29514769883247405,0.9450876143497653,
    0.7704442321320625,-0.6320831506001129,0.08298539571438147
    ],[
    -0.35268653800707095,-0.531078658098131,-0.7704334265991286,
    -0.531078658098131,-0.5642844500422384,0.6320905934699681,
    -0.7704334265991286,0.6320905934699681,-0.0830290119506905
    ]]},{
    mapping:[2, 1, -3],
    matrices:[[
    1.0,0.0,0.0,
    0.0,1.0,0.0,
    0.0,0.0,1.0
    ],[
    0.3103760526627851,-0.8639100154293923,0.39664365767557147,
    0.11738732112693423,0.4488878316540799,0.8858441913968511,
    -0.9433381804910212,-0.22838388698348736,0.2407361156831349
    ],[
    -0.3792478946744297,-0.7465226943024578,-0.5466945228154496,
    -0.7465226943024574,-0.10222433669184033,0.6574603044133637,
    -0.5466945228154497,0.6574603044133638,-0.51852776863373
    ],[
    0.3103760526627851,0.11738732112693409,-0.943338180491021,
    -0.8639100154293919,0.44888783165407947,-0.22838388698348738,
    0.3966436576755712,0.8858441913968509,0.2407361156831345
    ],[
    0.37924789467442943,0.7465226943024574,0.5466945228154497,
    0.7465226943024574,0.10222433669184068,-0.6574603044133633,
    0.5466945228154496,-0.6574603044133634,0.51852776863373
    ],[
    -0.31037605266278545,-0.1173873211269344,0.9433381804910209,
    0.8639100154293919,-0.4488878316540804,0.22838388698348736,
    -0.39664365767557164,-0.8858441913968511,-0.2407361156831352
    ],[
    -1.0000000000000002,1.6653345369377348E-16,2.636779683484747E-16,
    0.0,-1.0,2.7755575615628914E-17,
    -1.942890293094024E-16,5.551115123125783E-17,-1.0
    ],[
    -0.3103760526627854,0.8639100154293925,-0.3966436576755713,
    -0.11738732112693473,-0.44888783165408025,-0.8858441913968513,
    0.9433381804910217,0.22838388698348716,-0.24073611568313538
    ]]},{
    mapping:[2, 1, 3],
    matrices:[[
    1.0,0.0,0.0,
    0.0,1.0,0.0,
    0.0,0.0,1.0
    ],[
    0.9696366554748618,-0.1793669813247803,0.1662294870652025,
    -0.1634446650677625,0.03029996448639123,0.986087092306258,
    -0.18190821262497003,-0.9833155130285292,6.338003874720166E-5
    ],[
    -0.9515534725611486,0.267092929113915,0.15233960769992969,
    0.267092929113915,0.47252314157487624,0.8398709709792086,
    0.15233960769992977,0.8398709709792086,-0.5209696690137274
    ],[
    -0.9452454442203664,0.31383936568344084,-0.08953157391702099,
    0.31383936568344106,0.798848443753047,-0.513172501660749,
    -0.08953157391702082,-0.5131725016607491,-0.8536029995326813
    ],[
    -0.9940278667293576,0.02897228070910224,0.10521029947678862,
    0.02897228070910205,-0.8594483727258292,0.5104009223830197,
    0.10521029947678878,0.5104009223830198,0.8534762394551867
    ],[
    -0.9877198383885752,0.07571871727862775,-0.13666088214016173,
    0.07571871727862796,-0.5331230705476588,-0.8426425502569377,
    -0.1366608821401617,-0.8426425502569377,0.5208429089362335
    ],[
    0.9696366554748621,-0.1634446650677624,-0.18190821262497034,
    -0.17936698132478052,0.030299964486391495,-0.9833155130285295,
    0.1662294870652024,0.9860870923062584,6.338003874740983E-5
    ],[
    0.939273310949724,-0.3428116463925425,-0.015678725559768236,
    -0.3428116463925426,-0.9394000710272182,0.0027715792777288917,
    -0.01567872555976814,0.0027715792777290305,-0.9998732399225063
    ]]},{
    mapping:[3, -2, 1],
    matrices:[[
    1.0,0.0,0.0,
    0.0,1.0,0.0,
    0.0,0.0,1.0
    ],[
    0.6239419165104775,-0.39006498183173055,0.6771600953761556,
    0.7490813037495444,0.051644518501119493,-0.6604619929122874,
    0.22265148819200622,0.9193378887315584,0.32441356498840446
    ],[
    -0.6239419165104774,-0.7490813037495448,-0.2226514881920068,
    0.3900649818317302,-0.0516445185011184,-0.919337888731559,
    -0.6771600953761562,0.6604619929122874,-0.32441356498840357
    ],[
    -0.24788383302095504,-0.3590163219178141,-0.8998115835681628,
    -0.3590163219178142,0.896710962997763,-0.25887589581927095,
    -0.8998115835681629,-0.2588758958192712,0.3511728700231925
    ],[
    -0.6239419165104777,0.39006498183173055,-0.6771600953761558,
    -0.7490813037495445,-0.051644518501119174,0.6604619929122875,
    -0.22265148819200634,-0.9193378887315589,-0.32441356498840423
    ],[
    -1.0000000000000004,-8.326672684688674E-17,2.498001805406602E-16,
    2.7755575615628914E-17,-1.0000000000000007,0.0,
    -3.191891195797325E-16,0.0,-1.0000000000000004
    ],[
    0.6239419165104771,0.7490813037495445,0.2226514881920065,
    -0.3900649818317304,0.05164451850111865,0.9193378887315586,
    0.6771600953761561,-0.6604619929122871,0.3244135649884037
    ],[
    0.2478838330209547,0.3590163219178136,0.8998115835681627,
    0.35901632191781346,-0.8967109629977629,0.2588758958192708,
    0.8998115835681627,0.25887589581927084,-0.351172870023192
    ]]},{
    mapping:[3, 2, 1],
    matrices:[[
    1.0,0.0,0.0,
    0.0,1.0,0.0,
    0.0,0.0,1.0
    ],[
    -0.010138684608161239,-0.9985723215023282,-0.052445455512052756,
    -0.9985723215023282,0.007359986460150656,0.05290698752298087,
    -0.05244545551205265,0.052906987522981015,-0.9972213018519891
    ],[
    0.1573815762926419,-0.41562976488384046,0.8958141202203985,
    -0.41562976488384035,-0.8507423091952541,-0.321697718188566,
    0.8958141202203985,-0.32169771818856596,-0.3066392670973877
    ],[
    0.36645935745126956,-0.11282108896080982,-0.9235685904263422,
    0.8706132451608657,0.39175487016639543,0.297591496940651,
    0.3282378964819106,-0.9131262363915564,0.2417857723823359
    ],[
    -0.2670812850974613,0.7577921562000561,-0.5953306939444313,
    0.7577921562000562,-0.21649025966720983,-0.6155347394509053,
    -0.5953306939444314,-0.6155347394509051,-0.5164284552353289
    ],[
    -0.7227800302943779,0.24078016530227217,0.647776149456484,
    0.2407801653022723,-0.7908697267929408,0.5626277519279245,
    0.6477761494564839,0.5626277519279245,0.5136497570873184
    ],[
    0.36645935745126934,0.8706132451608658,0.3282378964819103,
    -0.11282108896080945,0.39175487016639504,-0.9131262363915563,
    -0.9235685904263419,0.29759149694065107,0.24178577238233556
    ],[
    -0.8903002911951807,-0.34216239131621556,-0.3004834262759674,
    -0.34216239131621573,0.06723256886246373,0.9372324576394708,
    -0.30048342627596714,0.9372324576394707,-0.1769322776672827
    ]]}]},{
    facesPerVertex:5,
    edgesPerFace:3,
    symmetries:[
    ]},{
    facesPerVertex:2,
    edgesPerFace:4,
    symmetries:[
    {
    mapping:[-3, -4, -1, -2],
    matrices:[[
    1.0,0.0,0.0,
    0.0,1.0,0.0,
    0.0,0.0,1.0
    ],[
    -1.0000000000000007,-9.71445146547012E-17,5.551115123125783E-17,
    6.938893903907228E-17,-1.0000000000000009,2.7755575615628914E-16,
    -3.3306690738754696E-16,-1.1102230246251565E-16,-1.0000000000000009
    ]]},{
    mapping:[-1, -2, -3, -4],
    matrices:[[
    1.0,0.0,0.0,
    0.0,1.0,0.0,
    0.0,0.0,1.0
    ],[
    0.732604224600878,0.4725733179737328,-0.48986274530346163,
    0.4725733179737329,0.16481275544701124,0.865743157513394,
    -0.48986274530346163,0.865743157513394,0.10258301995211108
    ]]},{
    mapping:[1, 4, 3, 2],
    matrices:[[
    1.0,0.0,0.0,
    0.0,1.0,0.0,
    0.0,0.0,1.0
    ],[
    0.8748407584027869,0.0882675007913461,0.4763008458330592,
    0.08826750079134613,-0.9958443661622834,0.022424243284696194,
    0.47630084583305926,0.022424243284696166,-0.8789963922405044
    ]]},{
    mapping:[2, 1, 4, 3],
    matrices:[[
    1.0,0.0,0.0,
    0.0,1.0,0.0,
    0.0,0.0,1.0
    ],[
    -0.2175464536894969,-0.960540734343791,-0.17330619767745065,
    -0.9605407343437908,0.17916073955344425,0.21275085679957892,
    -0.17330619767745054,0.21275085679957878,-0.961614285863948
    ]]},{
    mapping:[3, 2, 1, 4],
    matrices:[[
    1.0,0.0,0.0,
    0.0,1.0,0.0,
    0.0,0.0,1.0
    ],[
    -0.3870193887241103,-0.8577654429594357,-0.33831115502776465,
    -0.8577654429594357,0.20030151296946164,0.4734107611437966,
    -0.33831115502776477,0.47341076114379654,-0.8132821242453518
    ]]},{
    mapping:[4, 3, 2, 1],
    matrices:[[
    1.0,0.0,0.0,
    0.0,1.0,0.0,
    0.0,0.0,1.0
    ],[
    -0.9024469420911759,0.08020247182017698,-0.42326951251445194,
    0.08020247182017703,-0.934062174739022,-0.34798766822366645,
    -0.42326951251445194,-0.34798766822366645,0.8365091168301968
    ]]}]},{
    facesPerVertex:3,
    edgesPerFace:4,
    symmetries:[
    {
    mapping:[-4, 3, 2, -1],
    matrices:[[
    1.0,0.0,0.0,
    0.0,1.0,0.0,
    0.0,0.0,1.0
    ],[
    -0.5210744846310357,-0.5543431987763057,0.6489876727927537,
    0.4198175750379393,0.49556909530674387,0.760371274750776,
    0.7431248785740961,-0.6686665011403736,0.025505393486987105
    ],[
    0.5210745225271589,-0.41981755310095725,-0.7431248643945503,
    0.5543432126611496,-0.49556905882648195,0.6686665166660812,
    -0.6489876305058591,-0.7603713106385326,-0.02550539958971524
    ],[
    -1.0000000000000007,1.6653345369377348E-16,1.942890293094024E-16,
    -2.7755575615628914E-17,-1.0000000000000007,-1.6653345369377348E-16,
    -1.942890293094024E-16,0.0,-1.0000000000000007
    ],[
    0.5210745117950825,0.5543431966014063,-0.64898765284037,
    -0.4198175778322994,-0.49556906670327594,-0.7603712918501505,
    -0.7431248579482046,0.6686665241423261,-0.02550539140813779
    ],[
    -0.5210744980498737,0.41981754234764623,0.7431248876327956,
    -0.5543432182678998,0.495569087738121,-0.6686664905906342,
    0.6489876453696637,0.7603712977326206,0.025505406131860753
    ]]},{
    mapping:[-2, -1, 4, 3],
    matrices:[[
    1.0,0.0,0.0,
    0.0,1.0,0.0,
    0.0,0.0,1.0
    ],[
    -0.036135496458697416,-0.8923693990625189,0.44985673443050994,
    0.48299561602980434,-0.40967895885164496,-0.7738723315704095,
    0.8748768260684889,0.18931456967447377,0.44581446019313403
    ],[
    -0.03613549596550686,0.4829956096250814,0.874876829624732,
    -0.8923693950963253,-0.4096789668768728,0.18931457100317478,
    0.4498567423377632,-0.7738723313193162,0.44581445265004727
    ],[
    0.03613549070396321,0.8923693974525309,-0.44985673808646215,
    -0.48299561419975234,0.40967895987506786,0.7738723321708093,
    -0.8748768273165022,-0.18931457504875504,-0.4458144554618225
    ],[
    0.03613549591058681,-0.482995609715559,-0.8748768295770512,
    0.8923693950254581,0.4096789669587626,-0.1893145711600146,
    -0.4498567424827542,0.7738723312194963,-0.44581445267701714
    ],[
    -0.9999999999999998,-2.5673907444456745E-16,-6.938893903907228E-17,
    2.706168622523819E-16,-1.0,0.0,
    1.3877787807814457E-16,1.1102230246251565E-16,-1.0
    ]]},{
    mapping:[1, 2, 4, 3],
    matrices:[[
    1.0,0.0,0.0,
    0.0,1.0,0.0,
    0.0,0.0,1.0
    ],[
    0.5385102775718608,-0.2851315667728453,0.7929102537987136,
    -0.28513156677284524,-0.9471566673583435,-0.14694977750340166,
    0.7929102537987134,-0.14694977750340163,-0.5913536102135176
    ],[
    -0.06828793218877804,0.9958452774407228,0.060240698173163,
    0.9958452774407229,0.06439301460451273,0.06438728965527496,
    0.06024069817316291,0.06438728965527496,-0.9961050824157346
    ],[
    -0.27295520945227425,0.5689657789519794,-0.7757405468418109,
    -0.9326028071762403,-0.3543988927353782,0.06821604558264381,
    -0.23610899533872204,0.7420777366351211,0.6273541066340717
    ],[
    -0.27295521094740927,-0.9326028055321108,-0.23610900010438385,
    0.5689657751919658,-0.3543988971589216,0.7420777374054192,
    -0.7757405490735041,0.06821604507868156,0.627354103929322
    ],[
    -0.9243119259347397,-0.34707667832249095,0.15869859148536816,
    -0.34707667832249095,0.5915614464110548,-0.7277312927754914,
    0.15869859148536816,-0.7277312927754914,-0.6672495204763157
    ]]},{
    mapping:[1, 3, 2, 4],
    matrices:[[
    1.0,0.0,0.0,
    0.0,1.0,0.0,
    0.0,0.0,1.0
    ],[
    -0.49563985582280284,0.8684452375747149,-0.012000110572334938,
    -0.8512080554530009,-0.4829639842537856,0.20540359355578344,
    0.17258615139075167,0.11202079828097239,0.9786037814665455
    ],[
    -0.8962874198274215,-0.4415031968317747,0.0417586906694576,
    -0.44150319683177475,0.8794737580370606,-0.17776624007806963,
    0.04175869066945764,-0.17776624007806974,-0.9831863382096396
    ],[
    0.06031327642733279,0.9847345998541428,-0.16327913686904957,
    0.984734599854143,-0.08545686099748112,-0.15164066986979008,
    -0.1632791368690487,-0.15164066986979075,-0.9748564154298519
    ],[
    0.8272537836175651,-0.5604686052728423,-0.039065585800532876,
    -0.5604686052728423,-0.82808898232265,0.011982481352121571,
    -0.03906558580053275,0.011982481352121738,-0.9991648012949157
    ],[
    -0.4956398042550643,-0.8512080862733521,0.1725861474767315,
    0.8684452667994926,-0.48296393157387085,0.11202079883784119,
    -0.012000125481020807,0.20540358969981004,0.9786037820930761
    ]]},{
    mapping:[2, 1, -4, -3],
    matrices:[[
    1.0,0.0,0.0,
    0.0,1.0,0.0,
    0.0,0.0,1.0
    ],[
    -0.2735551027524045,-0.9133505660630985,-0.3015930192002792,
    0.09836903172953085,0.28534338294838596,-0.9533638798507977,
    -0.9568130116980627,0.29046496738813316,-0.01178827237108146
    ],[
    -0.27355509994394345,0.09836902819848586,-0.9568130128640321,
    -0.9133505656828006,0.2853433879175687,0.29046496370239533,
    -0.30159302289935214,-0.9533638787278502,-0.011788268550620429
    ],[
    -1.0000000000000004,2.7755575615628914E-17,0.0,
    -1.1102230246251565E-16,-1.0000000000000004,1.1102230246251565E-16,
    0.0,0.0,-1.0000000000000004
    ],[
    0.27355508580248283,-0.09836903081983572,0.9568130166376102,
    0.9133505714976273,-0.28534338231115425,-0.2904649509255619,
    0.30159301811639283,0.9533638801353856,0.01178827708566623
    ],[
    0.27355509076307194,0.9133505661670339,0.3015930297602498,
    -0.09836904926244772,-0.28534338880260285,0.953363876289557,
    0.9568130133232983,-0.29046496131032074,0.011788290214630806
    ]]},{
    mapping:[2, 1, 3, 4],
    matrices:[[
    1.0,0.0,0.0,
    0.0,1.0,0.0,
    0.0,0.0,1.0
    ],[
    0.16371757919492844,-0.7110612413339717,0.6838044057587985,
    -0.7110612413339719,-0.5655233727093877,-0.4178220027619302,
    0.6838044057587989,-0.41782200276193027,-0.598194206485541
    ],[
    -0.4722556538331647,-0.3521198114514252,0.8080756374288379,
    0.6757839634497986,0.44396257636173736,0.5883989000111485,
    -0.5659422516182117,0.8239592642683625,0.02829308501467137
    ],[
    -0.9448341419754612,0.1900941896637478,-0.26674452799181636,
    0.1900941896637481,-0.3449607739656084,-0.919166069587608,
    -0.26674452799181636,-0.9191660695876082,0.28979491594106965
    ],[
    0.7256278702283058,0.19730289976185064,-0.6591932642962146,
    0.19730289976185061,-0.977441002822188,-0.075370098497491,
    -0.6591932642962145,-0.07537009849749103,-0.7481868674061183
    ],[
    -0.4722556575621328,0.6757839661516238,-0.5659422452803267,
    -0.352119806971362,0.44396257173714077,0.8239592686747287,
    0.8080756372017458,0.5883989003974462,0.028293083466952335
    ]]},{
    mapping:[4, -3, -2, 1],
    matrices:[[
    1.0,0.0,0.0,
    0.0,1.0,0.0,
    0.0,0.0,1.0
    ],[
    0.9954379720665859,-0.09308271617406233,-0.020948787975008654,
    -0.06459094188943576,-0.4958438720833701,-0.8660062729237045,
    0.07022288796253298,0.8634086300628625,-0.49959411879962334
    ],[
    0.9954379720969853,-0.06459094509344124,0.0702228845845714,
    -0.09308271446412432,-0.4958438562411427,0.863408639345185,
    -0.020948794128356985,-0.8660062817554208,-0.4995941032325327
    ],[
    -0.9954379720845082,0.06459094427219593,-0.070222885516823,
    0.09308271486294858,0.49584385628887495,-0.8634086392747766,
    0.02094879294913598,0.8660062817893438,0.4995941032231773
    ],[
    -0.9954379729358014,0.09308270471179492,0.020948797602712815,
    0.0645909442799236,0.49584386943568387,0.8660062742613798,
    -0.07022287344227965,-0.8634086328191216,0.4995941160771654
    ],[
    -1.0,5.494736610156536E-16,3.469446951953614E-18,
    -5.121771062821523E-16,-1.0,2.7755575615628914E-17,
    1.0408340855860843E-17,-8.326672684688674E-17,-1.0
    ]]},{
    mapping:[4, 2, 3, 1],
    matrices:[[
    1.0,0.0,0.0,
    0.0,1.0,0.0,
    0.0,0.0,1.0
    ],[
    0.05622465959959869,0.9609966960327208,-0.27078430136753545,
    0.960996696032721,-0.12564562719459918,-0.24637070966547708,
    -0.2707843013675354,-0.24637070966547697,-0.9305790324049998
    ],[
    -0.3932575939450661,-0.910560404820638,0.12739000736876244,
    0.4931664457204178,-0.09196692440988544,0.8650600797806342,
    -0.7759737892609699,0.4030159227468094,0.48522452987509823
    ],[
    -0.39325757948604323,0.49316644273027704,-0.7759737984890617,
    -0.9105604093542334,-0.09196690264823504,0.4030159174696965,
    0.12739001959898444,0.8650600837988391,0.4852245195005254
    ],[
    0.661942069125405,-0.2487062475393032,0.7070911536406722,
    -0.2487062475393032,-0.9627816163305668,-0.10581475176373234,
    0.707091153640672,-0.10581475176373242,-0.6991604527948383
    ],[
    -0.9316515281007174,-0.2948964842229911,0.21227692710353152,
    -0.29489648422299075,0.27236109294775684,-0.9158905494878868,
    0.21227692710353205,-0.9158905494878868,-0.34070956484703985
    ]]}]},{
    facesPerVertex:2,
    edgesPerFace:5,
    symmetries:[
    {
    mapping:[-1, -2, -3, -4, -5],
    matrices:[[
    1.0,0.0,0.0,
    0.0,1.0,0.0,
    0.0,0.0,1.0
    ],[
    -0.4090460407699655,0.5580436604080522,-0.72198934175568,
    0.558043660408052,0.7789903822082019,0.2859392549222711,
    -0.72198934175568,0.28593925492227057,0.6300556585617638
    ]]},{
    mapping:[1, 5, 4, 3, 2],
    matrices:[[
    1.0,0.0,0.0,
    0.0,1.0,0.0,
    0.0,0.0,1.0
    ],[
    0.3061053683304171,-0.6739544106054418,0.6723726317339012,
    -0.6739544106054418,-0.6522374391928685,-0.3469463580160509,
    0.6723726317339013,-0.34694635801605095,-0.6538679291375492
    ]]},{
    mapping:[2, 1, 5, 4, 3],
    matrices:[[
    1.0,0.0,0.0,
    0.0,1.0,0.0,
    0.0,0.0,1.0
    ],[
    -0.9072468096593782,-0.3537540552806122,0.22751108706039153,
    -0.35375405528061216,0.3491927465558256,-0.8677110660382983,
    0.22751108706039153,-0.8677110660382985,-0.4419459368964469
    ]]},{
    mapping:[3, 2, 1, 5, 4],
    matrices:[[
    1.0,0.0,0.0,
    0.0,1.0,0.0,
    0.0,0.0,1.0
    ],[
    0.37720378264048493,0.9257739710918591,0.025687756042911097,
    0.9257739710918592,-0.3776829134843279,0.017267637672828517,
    0.025687756042911125,0.017267637672828406,-0.9995208691561575
    ]]},{
    mapping:[4, 3, 2, 1, 5],
    matrices:[[
    1.0,0.0,0.0,
    0.0,1.0,0.0,
    0.0,0.0,1.0
    ],[
    0.5747712658180562,0.7838205573756201,0.2350815301662023,
    0.7838205573756202,-0.6098641882156307,0.11700857134186199,
    0.2350815301662023,0.11700857134186188,-0.9649070776024264
    ]]},{
    mapping:[5, 4, 3, 2, 1],
    matrices:[[
    1.0,0.0,0.0,
    0.0,1.0,0.0,
    0.0,0.0,1.0
    ],[
    -0.5814955331704919,-0.7085387280862155,-0.3997947169545059,
    -0.7085387280862153,0.1995741240261351,0.6768626447228191,
    -0.39979471695450586,0.6768626447228189,-0.6180785908556432
    ]]}]},{
    facesPerVertex:3,
    edgesPerFace:5,
    symmetries:[
    {
    mapping:[1, 3, 2, 5, 4],
    matrices:[[
    1.0,0.0,0.0,
    0.0,1.0,0.0,
    0.0,0.0,1.0
    ],[
    -0.32617252472901836,0.24863962066833079,0.9120251219927039,
    -0.9184103759325952,0.14516967744590742,-0.36803280577905045,
    -0.22390593000464976,-0.9576555245933476,0.18100284728311053
    ],[
    -0.3261725247290213,-0.9184103759325937,-0.22390593000465056,
    0.24863962066833406,0.1451696774459063,-0.9576555245933467,
    0.9120251219927016,-0.3680328057790543,0.18100284728311317
    ],[
    0.7984151118826591,-0.5835036560637891,0.148515293749807,
    -0.5835036560637892,-0.8106796843564199,-0.04818643722009288,
    0.14851529374980696,-0.04818643722009284,-0.987735427526239
    ],[
    0.35400476202386133,-0.16503225233828736,-0.9205677509844576,
    0.8453999133891335,-0.364491342792169,0.3904421179524678,
    -0.39997451782091886,-0.9164662660009446,0.010486580768302363
    ],[
    -0.27005352162689966,-0.8726382608535502,0.40690731272784963,
    -0.055191469799010004,0.4359438935242184,0.89827992483433,
    -0.9612621895811435,0.22012584444684222,-0.16589037189731676
    ],[
    0.24222128433205428,0.9456487233970124,0.21697313509771685,
    -0.02841589853102587,-0.21662222817796667,0.9758418657599645,
    0.969804818572895,-0.24253515662026182,-0.025599056154094614
    ],[
    -0.27005352162690366,-0.05519146979901231,-0.9612621895811417,
    -0.8726382608535461,0.43594389352422536,0.22012584444684358,
    0.4069073127278552,0.8982799248343261,-0.16589037189732228
    ],[
    -0.9960810990089983,-0.010280193107867985,-0.08784510132438172,
    -0.01028019310787015,-0.9730326510984222,0.23043822930677293,
    -0.08784510132438134,0.23043822930677293,0.9691137501074207
    ],[
    0.2422212843320566,-0.028415898531028924,0.9698048185728929,
    0.9456487233970114,-0.21662222817796137,-0.24253515662026492,
    0.2169731350977125,0.9758418657599643,-0.025599056154091138
    ],[
    -0.8023340128736604,0.5937838491716574,-0.06067019242542879,
    0.5937838491716573,0.7837123354548443,-0.18225179208667153,
    -0.06067019242542882,-0.18225179208667153,-0.9813783225811834
    ],[
    0.35400476202386133,0.845399913389134,-0.39997451782091636,
    -0.16503225233829052,-0.36449134279216505,-0.9164662660009455,
    -0.9205677509844568,0.3904421179524689,0.01048658076830643
    ]]},{
    mapping:[2, 1, 3, 5, 4],
    matrices:[[
    1.0,0.0,0.0,
    0.0,1.0,0.0,
    0.0,0.0,1.0
    ],[
    0.5508939924445285,0.5616615377236354,0.6172941973892587,
    -0.3775300244433911,-0.4919343876673972,0.7845200054008027,
    0.7443029556116921,-0.6652344513569818,-0.058959604777130185
    ],[
    -0.28825630935139224,-0.9110165759758372,0.294884890112018,
    -0.9110165759758373,0.16608157207042892,-0.3774463004400459,
    0.2948848901120181,-0.37744630044004585,-0.8778252627190373
    ],[
    0.5508939924445257,-0.3775300244433921,0.7443029556116951,
    0.5616615377236377,-0.49193438766739916,-0.66523445135698,
    0.6172941973892612,0.7845200054008026,-0.05895960477712842
    ],[
    0.4046211363661792,-0.8455087356880455,-0.3484203120958157,
    0.09009031140154458,-0.3422939248236597,0.9352639225482763,
    -0.9100359728039961,-0.40981684555910874,-0.06232721154252633
    ],[
    -0.48845090849630696,-0.6415873386535205,-0.5914231960860394,
    0.78832888855621,-0.03387929992255326,-0.6143205649369787,
    0.3741032924966892,-0.7663014288883007,0.5223302084188564
    ],[
    -0.46706422031440514,0.43470987157522434,-0.7699859360125676,
    -0.01016451047165658,0.8681076124136087,0.49627195769700316,
    0.8841649715007768,0.2396174050952822,-0.40104339209920303
    ],[
    -0.4884509084963012,0.7883288885562141,0.37410329249668994,
    -0.6415873386535234,-0.03387929992255035,-0.7663014288882988,
    -0.5914231960860418,-0.6143205649369747,0.5223302084188592
    ],[
    0.40462113636617514,0.09009031140154902,-0.9100359728039974,
    -0.8455087356880491,-0.3422939248236526,-0.4098168455591073,
    -0.34842031209581154,0.935263922548279,-0.06232721154251809
    ],[
    -0.46706422031440664,-0.010164510471660657,0.8841649715007761,
    0.43470987157522384,0.8681076124136079,0.23961740509528687,
    -0.7699859360125673,0.4962719576970049,-0.40104339209920203
    ],[
    -0.9945217094521603,0.036040429012101645,0.09812062425900742,
    0.03604042901210174,-0.7628982048262382,0.6455132969579542,
    0.09812062425900736,0.6455132969579541,0.757419914278398
    ],[
    0.28277801880355175,0.8749761469637355,-0.39300551437102493,
    0.8749761469637357,-0.40318336724419046,-0.26806699651790755,
    -0.3930055143710248,-0.2680669965179078,-0.8795946515593615
    ]]},{
    mapping:[2, 1, 4, 3, 5],
    matrices:[[
    1.0,0.0,0.0,
    0.0,1.0,0.0,
    0.0,0.0,1.0
    ],[
    -0.41533445960327764,0.5217257308257315,0.7451842379307346,
    0.15385134672979528,0.8476686783662974,-0.5077278550819946,
    -0.8965640243593769,-0.09622927574855167,-0.43233421876301625
    ],[
    0.1560972707779728,-0.9328087045541609,0.3248100410450031,
    0.19588702331465746,-0.29307429383263284,-0.9358075295654691,
    0.9681228827750076,0.20970307342166422,0.13697702305466064
    ],[
    -0.41533445960327947,0.15385134672979064,-0.8965640243593769,
    0.5217257308257287,0.8476686783662984,-0.09622927574855578,
    0.7451842379307352,-0.5077278550819938,-0.4323342187630153
    ],[
    -0.30945955579987056,-0.9316120518768398,-0.19061418657059853,
    -0.9316120518768398,0.2568431327834645,0.25715868630050154,
    -0.19061418657059853,0.2571586863005016,-0.9473835769835938
    ],[
    0.7587966374179996,0.3907906240426281,-0.5210665516069031,
    -0.30147988523486885,-0.4984158664256626,-0.8128293196569165,
    -0.5773539138534582,0.7738632387286069,-0.2603807709923374
    ],[
    0.21213879691529422,0.7772865588830904,0.5923029091799364,
    0.7772865588830936,-0.5015633554854868,0.37981548917048974,
    0.5923029091799318,0.3798154891704966,-0.7105754414298076
    ],[
    -0.4995594485926943,0.7125628589632984,-0.49264036512228077,
    -0.7405289940870821,-0.05617851810800234,0.6696721459188544,
    0.44950769319127093,0.6993555219838046,0.555737966700695
    ],[
    -0.902679241115425,0.15432549299374618,-0.40168872260933236,
    0.15432549299374607,-0.7552797772979795,-0.6369741754709931,
    -0.40168872260933247,-0.6369741754709932,0.6579590184134047
    ],[
    0.7587966374180007,-0.3014798852348676,-0.5773539138534587,
    0.3907906240426291,-0.49841586642566227,0.7738632387286074,
    -0.5210665516069022,-0.8128293196569178,-0.26038077099233764
    ],[
    -0.499559448592691,-0.7405289940870852,0.4495076931912706,
    0.7125628589632997,-0.056178518108000716,0.6993555219838039,
    -0.4926403651222827,0.6696721459188518,0.555737966700697
    ],[
    0.15609727077797061,0.19588702331465663,0.9681228827750078,
    -0.9328087045541604,-0.29307429383263506,0.2097030734216621,
